56
56
80
80
64
64
77
77
70
70
48
48
87
87
69
69
63
63
51
51
55
55
67
67
89
89
83
83
46
46
90
90
74
74
79
79
73
73
60
60
84
84
52
52
58
58
62
62
86
86
68
68
50
50
71
71
49
49
92
92
76
76
57
57
65
65
81
81
85
85
61
61
59
59
53
53
72
72
78
78
47
47
75
75
91
91
54
54
82
82
66
66
88
88
332
332
345
345
338
338
356
356
364
364
369
369
363
363
351
351
370
370
342
342
335
335
348
348
346
346
331
331
374
374
355
355
367
367
360
360
352
352
358
358
373
373
336
336
341
341
371
371
349
349
334
334
343
343
362
362
368
368
350
350
357
357
365
365
339
339
344
344
333
333
376
376
372
372
340
340
337
337
361
361
359
359
353
353
329
329
354
354
366
366
330
330
347
347
375
375
lane2
lane2
lane8
lane8
lane5
lane5
lane1
lane1
lane6
lane6
lane4
lane4
lane3
lane3
lane7
lane7
214
214
226
226
197
197
207
207
232
232
200
200
190
190
221
221
219
219
213
213
189
189
217
217
225
225
204
204
194
194
231
231
199
199
193
193
209
209
203
203
222
222
228
228
210
210
220
220
212
212
218
218
188
188
233
233
201
201
191
191
196
196
206
206
234
234
215
215
227
227
229
229
223
223
211
211
230
230
192
192
198
198
202
202
208
208
205
205
195
195
216
216
224
224
38
38
45
45
32
32
13
13
19
19
21
21
26
26
14
14
35
35
42
42
7
7
3
3
9
9
31
31
10
10
28
28
22
22
25
25
17
17
41
41
36
36
4
4
43
43
34
34
6
6
27
27
15
15
18
18
12
12
20
20
1
1
33
33
44
44
39
39
37
37
40
40
5
5
24
24
16
16
11
11
23
23
29
29
8
8
2
2
30
30
276
276
244
244
239
239
265
265
257
257
250
250
268
268
262
262
243
243
249
249
271
271
275
275
247
247
266
266
254
254
253
253
259
259
261
261
237
237
240
240
278
278
272
272
248
248
235
235
242
242
270
270
251
251
263
263
269
269
264
264
280
280
256
256
277
277
238
238
245
245
241
241
236
236
273
273
279
279
258
258
252
252
260
260
267
267
255
255
274
274
246
246
158
158
152
152
184
184
160
160
141
141
173
173
179
179
174
174
146
146
183
183
167
167
155
155
151
151
163
163
169
169
187
187
148
148
142
142
170
170
177
177
145
145
164
164
180
180
156
156
166
166
182
182
154
154
175
175
147
147
178
178
172
172
153
153
159
159
161
161
185
185
181
181
165
165
157
157
176
176
144
144
143
143
149
149
171
171
150
150
168
168
186
186
162
162
97
97
120
120
118
118
112
112
133
133
139
139
101
101
106
106
134
134
115
115
127
127
123
123
129
129
94
94
111
111
130
130
108
108
102
102
105
105
137
137
140
140
116
116
99
99
93
93
124
124
114
114
126
126
107
107
135
135
138
138
132
132
100
100
96
96
121
121
113
113
119
119
117
117
98
98
125
125
104
104
136
136
131
131
103
103
109
109
128
128
122
122
95
95
110
110
324
324
316
316
282
282
288
288
305
305
291
291
308
308
296
296
302
302
285
285
311
311
323
323
327
327
315
315
281
281
306
306
292
292
298
298
295
295
301
301
318
318
286
286
312
312
320
320
284
284
310
310
328
328
322
322
297
297
303
303
309
309
304
304
290
290
325
325
289
289
317
317
283
283
287
287
313
313
319
319
321
321
294
294
300
300
299
299
307
307
293
293
326
326
314
314
